1 0.341406 0.499074 0.011979 0.033333
1 0.579688 0.569907 0.015625 0.039815
1 0.471094 0.456944 0.010937 0.041667
1 0.618490 0.559722 0.014063 0.037963
1 0.603646 0.338426 0.010417 0.037963
16 0.345052 0.713889 0.084896 0.185185
16 0.248177 0.423611 0.035937 0.086111
16 0.643229 0.653241 0.068750 0.176852
16 0.552344 0.311574 0.040104 0.056481
4 0.812760 0.618981 0.097396 0.137963
4 0.158073 0.712500 0.094271 0.199074
4 0.707292 0.467593 0.077083 0.092593
4 0.614583 0.406019 0.031250 0.075000
15 0.761458 0.190741 0.127083 0.370370
