16 0.294531 0.785648 0.123438 0.206481
16 0.546615 0.309259 0.034896 0.061111
16 0.199740 0.329630 0.041146 0.057407
1 0.645833 0.553704 0.012500 0.040741
1 0.607552 0.557407 0.013021 0.033333
16 0.632292 0.583796 0.075000 0.171296
1 0.333073 0.497222 0.015104 0.031481
1 0.464062 0.457870 0.010417 0.034259
1 0.606250 0.334259 0.007292 0.033333
4 0.157031 0.706481 0.077604 0.183333
4 0.796875 0.624537 0.106250 0.162037
4 0.703646 0.468519 0.085417 0.100000
4 0.602083 0.410648 0.044792 0.078704
15 0.745313 0.179630 0.151042 0.357407
