1 0.338802 0.500000 0.008854 0.035185
1 0.585938 0.577778 0.012500 0.025926
1 0.467708 0.453241 0.010417 0.037963
1 0.610156 0.331944 0.011979 0.028704
1 0.736198 0.477778 0.015104 0.040741
1 0.648958 0.550000 0.013542 0.040741
16 0.180729 0.793056 0.130208 0.241667
16 0.230208 0.363426 0.035417 0.078704
16 0.639583 0.588889 0.070833 0.174074
16 0.551562 0.310648 0.035417 0.067593
4 0.163802 0.696296 0.079687 0.172222
4 0.815885 0.624074 0.081771 0.144444
4 0.700521 0.468056 0.076042 0.095370
4 0.614583 0.402315 0.031250 0.067593
15 0.763281 0.201852 0.138021 0.383333
