1 0.648698 0.552778 0.014063 0.042593
1 0.579427 0.574537 0.015104 0.030556
1 0.465885 0.454630 0.010937 0.037037
1 0.333854 0.501852 0.018750 0.040741
1 0.609115 0.334259 0.015104 0.033333
1 0.733594 0.484259 0.009896 0.037037
16 0.170573 0.800463 0.119271 0.234259
16 0.636198 0.583333 0.070312 0.181481
16 0.548438 0.313426 0.036458 0.069444
4 0.158594 0.708796 0.075521 0.200926
4 0.800260 0.629630 0.113021 0.161111
4 0.698438 0.470370 0.078125 0.116667
4 0.608333 0.405093 0.036458 0.073148
16 0.217448 0.345370 0.038021 0.074074
15 0.761458 0.195370 0.129167 0.383333
